epsilon, H2O-ethane, total obj
[200.0, 2342.12404198508, 2342.12404198508]
[210.0, 854.0801428631015, 854.0801428631015]
[220.0, 295.289047270788, 295.289047270788]
[230.0, 87.16885845387881, 87.16885845387881]
[250.0, 1.5148952771520832, 1.5148952771520832]
[270.0, 5.698879208074392, 5.698879208074392]
[270.0, 5.698879208074392, 5.698879208074392]
[260.0, 1.121485598248276, 1.121485598248276]
[270.0, 5.698879208074392, 5.698879208074392]
[255.0, 0.20323503559081127, 0.20323503559081127]
[250.0, 1.5148952771520832, 1.5148952771520832]
[257.5, 0.46401886362771055, 0.46401886362771055]
[252.5, 0.48908636066427685, 0.48908636066427685]
[256.25, 0.2755655224225546, 0.2755655224225546]
[253.75, 0.26689026532545834, 0.26689026532545834]
[254.375, 0.2167217747063416, 0.2167217747063416]
[255.625, 0.22370255004395745, 0.22370255004395745]
[254.6875, 0.20556809968255488, 0.20556809968255488]
[255.3125, 0.2093886817345648, 0.2093886817345648]
[254.84375, 0.20331966360726395, 0.20331966360726395]
[255.15625, 0.2052717410568456, 0.2052717410568456]
[254.921875, 0.20300926700825697, 0.20300926700825697]
[254.84375, 0.20331966360726395, 0.20331966360726395]
[254.9609375, 0.20305563719099035, 0.20305563719099035]
[254.8828125, 0.20309746189605482, 0.20309746189605482]
[254.94140625, 0.20301635865733555, 0.20301635865733555]
[254.90234375, 0.20303685851139675, 0.20303685851139675]
[254.931640625, 0.20300855951968869, 0.20300855951968869]
[254.94140625, 0.20301635865733555, 0.20301635865733555]
[254.9267578125, 0.20300777412837417, 0.20300777412837417]
[254.921875, 0.20300926700825697, 0.20300926700825697]
[254.92919921875, 0.2030080712114009, 0.2030080712114009]
[254.92431640625, 0.2030087388988253, 0.2030087388988253]
[254.927978515625, 0.20300777630465178, 0.20300777630465178]
[254.925537109375, 0.2030084833145027, 0.2030084833145027]
[254.9273681640625, 0.20300785991998865, 0.20300785991998865]
[254.9273681640625, 0.20300785991998865, 0.20300785991998865]
[254.9261474609375, 0.20300810833289995, 0.20300810833289995]
[254.92706298828125, 0.20300848356595336, 0.20300848356595336]
[254.92706298828125, 0.20300848356595336, 0.20300848356595336]
[254.92645263671875, 0.20300817227485027, 0.20300817227485027]
[254.92660522460938, 0.20300799388702687, 0.20300799388702687]
[254.92691040039062, 0.20300806830235005, 0.20300806830235005]
[254.9266815185547, 0.20300842557281654, 0.20300842557281654]
[254.9266815185547, 0.20300842557281654, 0.20300842557281654]
[254.9416438470297, 0.2030163687026527, 0.2030163687026527]
[267.6887260393812, 4.540347017925275, 4.540347017925275]
[242.19456165467818, 12.646386688819085, 12.646386688819085]
[261.31518494320545, 1.5862695288293343, 1.5862695288293343]
[248.56810275085394, 2.5290389452732467, 2.5290389452732467]
[258.1284143951176, 0.5970303020348382, 0.5970303020348382]
[251.7548732989418, 0.7073565593190293, 0.7073565593190293]
[256.53502912107365, 0.3089826463652323, 0.3089826463652323]
[253.34825857298574, 0.31984890756542445, 0.31984890756542445]
[255.73833648405167, 0.23084952387358004, 0.23084952387358004]
[254.14495121000772, 0.23077162844051624, 0.23077162844051624]
[254.5432975285187, 0.20959770707495293, 0.20959770707495293]
[255.33999016554068, 0.21032455913680814, 0.21032455913680814]
[254.7424706877742, 0.20452751978847591, 0.20452751978847591]
[255.1408170062852, 0.20497712602285512, 0.20497712602285512]
[254.84205726740194, 0.2033327826347935, 0.2033327826347935]
[255.04123042665745, 0.2035682879183427, 0.2035682879183427]
[254.89185055721583, 0.20306519161087644, 0.20306519161087644]
[254.99143713684356, 0.20318454220057572, 0.20318454220057572]
[254.91674720212276, 0.2030136381406057, 0.2030136381406057]
[254.89185055721583, 0.20306519161087644, 0.20306519161087644]
[254.92919552457624, 0.20300776421666245, 0.20300776421666245]
[254.94164384702972, 0.20301655353721873, 0.20301655353721873]
[254.92297136334952, 0.20300953983105738, 0.20300953983105738]
[254.93541968580297, 0.20301084910363879, 0.20301084910363879]
[254.92608344396288, 0.20300816918909098, 0.20300816918909098]
[254.9323076051896, 0.20300845279494195, 0.20300845279494195]
[254.92763948426955, 0.2030078445905564, 0.2030078445905564]
[254.93075156488294, 0.20300855025326683, 0.20300855025326683]
[254.9284175044229, 0.20300857448561557, 0.20300857448561557]
[254.9284175044229, 0.20300857448561557, 0.20300857448561557]
[254.9299735447296, 0.20300815550178553, 0.20300815550178553]
[254.92958453465292, 0.20300817206166616, 0.20300817206166616]
[254.92880651449957, 0.20300805000731986, 0.20300805000731986]
[254.92958453465292, 0.20300817206166616, 0.20300817206166616]
[254.9290010195379, 0.20300873304604525, 0.20300873304604525]
[254.9290010195379, 0.20300873304604525, 0.20300873304604525]
[254.92939002961458, 0.20300825841812367, 0.20300825841812367]
[254.9292927770954, 0.20300814062261371, 0.20300814062261371]
[255.02369656029504, 0.2034085245373837, 0.2034085245373837]
[267.7748813883098, 4.583740541261218, 4.583740541261218]
[242.2725117322803, 12.449947722393247, 12.449947722393247]
[261.3992889743024, 1.6182881185288778, 1.6182881185288778]
[248.64810414628766, 2.4629296711298765, 2.4629296711298765]
[258.21149276729875, 0.6163690464154669, 0.6163690464154669]
[251.83590035329132, 0.6802742526988089, 0.6802742526988089]
[256.6175946637969, 0.31975746564402496, 0.31975746564402496]
[253.42979845679315, 0.30773880780651264, 0.30773880780651264]
[254.22674750854407, 0.22519761660183632, 0.22519761660183632]
[255.820645612046, 0.2366781606005849, 0.2366781606005849]
[254.62522203441955, 0.20707628228247224, 0.20707628228247224]
[255.42217108617052, 0.2134990977756742, 0.2134990977756742]
[254.8244592973573, 0.20347996625877246, 0.20347996625877246]
[255.22293382323278, 0.20677659585642516, 0.20677659585642516]
[254.92407792882616, 0.20300899138529532, 0.20300899138529532]
[254.8244592973573, 0.20347996625877246, 0.20347996625877246]
[254.97388724456061, 0.20310037120929864, 0.20310037120929864]
[254.87426861309171, 0.20313528020770288, 0.20313528020770288]
[254.94898258669338, 0.20302768369528124, 0.20302768369528124]
[254.89917327095895, 0.20304467597284978, 0.20304467597284978]
[254.93653025775978, 0.20301114026003603, 0.20301114026003603]
[254.91162559989255, 0.20301953063195272, 0.20301953063195272]
[254.930304093293, 0.20300797855595315, 0.20300797855595315]
[254.9365302577598, 0.20301148156220322, 0.20301148156220322]
[254.92719101105956, 0.2030085810005677, 0.2030085810005677]
